year,country_code,country_code_letter,dollar_value,HDI_value
2013,8,ALB,901120.0,0.793
2013,12,DZA,343778159.0,0.729
2013,20,AND,263.674,0.851
2013,31,AZE,10195044.0,0.745
2013,32,ARG,330171924.0,0.846
2013,36,AUS,5995514082.0,0.929
2013,40,AUT,987438326.0,0.907
2013,44,BHS,902478.0,0.804
2013,48,BHR,47960514.0,0.839
2013,50,BGD,12982267.0,0.577
2013,51,ARM,2355759.0,0.757
2013,56,BEL,3397702603.0,0.917
2013,68,BOL,63961095.26,0.681
2013,70,BIH,228872983.0,0.745
2013,76,BRA,2791605563.0,0.75
2013,96,BRN,1713359.0,0.835
2013,100,BGR,278248278.0,0.804
2013,104,MMR,791219.0,0.538
2013,108,BDI,17112.0,0.416
2013,112,BLR,28122100.0,0.806
2013,116,KHM,216.0,0.554
2013,120,CMR,18564762.0,0.544
2013,124,CAN,5100323067.0,0.923
2013,90,SLB,37.112,0.563
2013,72,BWA,36383574.79,0.676
2013,52,BRB,102935.0,0.793
2013,28,ATG,59367.0,0.812
2013,144,LKA,9731981.0,0.752
2013,152,CHL,1634493937.0,0.837
2013,156,CHN,13592888478.0,0.723
2013,170,COL,143524805.0,0.75
2013,178,COG,332201.0,0.6
2013,188,CRI,13579866.0,0.787
2013,191,HRV,21725027.0,0.839
2013,196,CYP,561071.418,0.863
2013,203,CZE,566455135.0,0.884
2013,204,BEN,38499.0,0.503
2013,208,DNK,156136245.0,0.933
2013,212,DMA,1099.999,0.72
2013,214,DOM,12816165.0,0.722
2013,218,ECU,5236379.0,0.755
2013,222,SLV,4911863.51,0.664
2013,231,ETH,95627.535,0.437
2013,233,EST,211377514.0,0.881
2013,242,FJI,539702.0,0.712
2013,246,FIN,731442053.0,0.926
2013,251,FRA,4422345951.0,0.888
2013,258,PYF,4239.0,
2013,266,GAB,853330.344,0.678
2013,268,GEO,33769934.0,0.784
2013,270,GMB,88898.615,0.461
2013,275,PSE,282086.0,0.704
2013,276,DEU,9450639063.0,0.938
2013,288,GHA,7409599.0,0.587
2013,300,GRC,168965151.0,0.874
2013,304,GRL,830.21,
2013,308,GRD,37.037,0.783
2013,320,GTM,25929790.0,0.623
2013,324,GIN,1142892.0,0.43
2013,328,GUY,46803.0,0.674
2013,344,HKG,626084527.0,0.928
2013,348,HUN,574250906.0,0.843
2013,352,ISL,3386801.0,0.942
2013,360,IDN,486710871.0,0.687
2013,364,IRN,506421518.9,0.78
2013,372,IRL,851261650.7,0.911
2013,376,ISR,1207422000.0,0.896
2013,380,ITA,2169554345.0,0.88
2013,384,CIV,9988364.32,0.48
2013,388,JAM,536472765.0,0.715
2013,392,JPN,3951039980.0,0.909
2013,398,KAZ,3129128949.0,0.789
2013,400,JOR,422509721.0,0.738
2013,404,KEN,128421957.0,0.562
2013,410,KOR,3099622046.0,0.902
2013,414,KWT,28370107.0,0.813
2013,417,KGZ,581162.0,0.68
2013,418,LAO,76665204.0,0.587
2013,422,LBN,20708004.0,0.756
2013,426,LSO,83.272,0.494
2013,428,LVA,8909616.0,0.846
2013,440,LTU,135034126.0,0.858
2013,442,LUX,2034779.0,0.922
2013,450,MDG,501143.457,0.494
2013,454,MWI,94048.061,0.484
2013,458,MYS,610748485.0,0.782
2013,470,MLT,2928659.0,0.874
2013,480,MUS,3509547.0,0.779
2013,484,MEX,968465050.0,0.761
2013,490,S19,1586239900.0,
2013,496,MNG,16352.0,0.73
2013,498,MDA,251646.0,0.726
2013,499,MNE,69258.0,0.819
2013,504,MAR,1448085540.0,0.636
2013,508,MOZ,2328001.0,0.432
2013,512,OMN,35900132.0,0.814
2013,516,NAM,8312228.0,0.61
2013,524,NPL,192823.0,0.563
2013,528,NLD,4482545668.0,0.929
2013,533,ABW,941568.0,
2013,540,NCL,101345589.0,
2013,554,NZL,16253788.67,0.93
2013,558,NIC,3900510.0,0.631
2013,562,NER,22665996.0,0.358
2013,566,NGA,16205441.0,0.504
2013,579,NOR,606692050.0,0.945
2013,586,PAK,33242596.0,0.51
2013,591,PAN,4222878.0,0.794
2013,600,PRY,11047893.0,0.729
2013,604,PER,300010549.5,0.749
2013,608,PHL,467834451.0,0.689
2013,616,POL,1000654153.0,0.865
2013,620,PRT,80184656.0,0.842
2013,634,QAT,638189351.5,0.852
2013,642,ROU,217568166.0,0.811
2013,643,RUS,8035055104.0,0.816
2013,646,RWA,119096.473,0.502
2013,662,LCA,7987.0,0.723
2013,682,SAU,1710021871.0,0.831
2013,686,SEN,170074007.0,0.497
2013,688,SRB,41829871.0,0.785
2013,690,SYC,10272.52,0.786
2013,699,IND,1466232078.0,0.6
2013,702,SGP,518173070.5,0.93
2013,703,SVK,212461104.3,0.849
2013,704,VNM,429744957.0,0.689
2013,705,SVN,133705661.0,0.901
2013,710,ZAF,908845832.6,0.705
2013,716,ZWE,1339409.39,0.532
2013,724,ESP,1480409134.0,0.88
2013,729,SDN,5864.0,0.503
2013,740,SUR,10500.0,0.7
2013,748,SWZ,8388130.813,0.546
2013,752,SWE,525914912.7,0.932
2013,757,CHE,699642412.2,0.947
2013,764,THA,642181046.0,0.754
2013,768,TGO,983968.5,0.495
2013,780,TTO,2571090554.0,0.801
2013,784,ARE,68095282.69,0.847
2013,788,TUN,476365859.0,0.719
2013,792,TUR,1202387659.0,0.802
2013,800,UGA,3542386.0,0.511
2013,804,UKR,1744303013.0,0.774
2013,807,MKD,11597141.0,0.763
2013,818,EGY,488870480.0,0.684
2013,826,GBR,3998242496.0,0.923
2013,834,TZA,3327135.0,0.504
2013,842,USA,12435825208.0,0.922
2013,854,BFA,438008.441,0.399
2013,858,URY,26257256.0,0.802
2013,862,VEN,132583539.0,0.771
2013,882,WSM,6862.0,0.704
2013,887,YEM,612051.0,0.496
2013,894,ZMB,506579048.9,0.554
2014,8,ALB,795407.0,0.797
2014,12,DZA,634907125.0,0.732
2014,20,AND,1112.07,0.854
2014,28,ATG,33670.0,0.815
2014,31,AZE,6979792.0,0.749
2014,32,ARG,330028784.4,0.847
2014,36,AUS,5824191498.0,0.931
2014,40,AUT,1019473774.0,0.911
2014,44,BHS,753629.0,0.807
2014,48,BHR,118326752.0,0.839
2014,51,ARM,409497.0,0.764
2014,52,BRB,83798.0,0.795
2014,56,BEL,3208763113.0,0.922
2014,60,BMU,6069.0,
2014,68,BOL,39856523.85,0.683
2014,70,BIH,268194334.0,0.751
2014,72,BWA,37673015.04,0.683
2014,76,BRA,3346863098.0,0.753
2014,84,BLZ,8679.0,0.716
2014,90,SLB,96260.787,0.562
2014,96,BRN,1191697.0,0.834
2014,100,BGR,298594993.0,0.807
2014,104,MMR,1110914.04,0.548
2014,108,BDI,55514.0,0.419
2014,112,BLR,34926800.0,0.81
2014,120,CMR,46938212.0,0.553
2014,124,CAN,4079196614.0,0.925
2014,144,LKA,12219003.0,0.757
2014,152,CHL,1526438304.0,0.841
2014,156,CHN,15026000882.0,0.732
2014,170,COL,136499490.0,0.755
2014,174,COM,1191.191,0.551
2014,178,COG,331312.432,0.609
2014,188,CRI,13599397.0,0.79
2014,191,HRV,35238055.0,0.842
2014,196,CYP,239324.141,0.867
2014,203,CZE,554862551.0,0.889
2014,204,BEN,316869.0,0.506
2014,208,DNK,149742971.0,0.932
2014,214,DOM,24279665.18,0.728
2014,218,ECU,1635649.0,0.759
2014,222,SLV,5690629.66,0.663
2014,231,ETH,216901.847,0.445
2014,233,EST,102804988.0,0.879
2014,242,FJI,435752.0,0.715
2014,246,FIN,801051775.0,0.928
2014,251,FRA,4244233290.0,0.892
2014,258,PYF,5145.0,
2014,266,GAB,2029855.367,0.687
2014,268,GEO,18529970.95,0.793
2014,270,GMB,3593.542,0.462
2014,275,PSE,80539.0,0.698
2014,276,DEU,9792366512.0,0.942
2014,288,GHA,17261304.62,0.582
2014,296,KIR,9.027,0.612
2014,300,GRC,165119399.0,0.879
2014,308,GRD,3996.663,0.783
2014,320,GTM,27881409.0,0.64
2014,324,GIN,2477.0,0.436
2014,328,GUY,56045.0,0.682
2014,340,HND,54550295.0,0.603
2014,344,HKG,590242623.0,0.932
2014,348,HUN,523446101.0,0.84
2014,352,ISL,5391629.0,0.946
2014,360,IDN,473587967.0,0.69
2014,364,IRN,637602921.0,0.783
2014,368,IRQ,224540.0,0.651
2014,372,IRL,821010299.4,0.918
2014,376,ISR,1096864000.0,0.899
2014,380,ITA,2260937453.0,0.882
2014,384,CIV,8876881.266,0.499
2014,388,JAM,540263005.8,0.714
2014,392,JPN,3822673097.0,0.91
2014,398,KAZ,2839228906.0,0.794
2014,400,JOR,412170637.0,0.737
2014,410,KOR,3673296213.0,0.906
2014,414,KWT,28201869.0,0.816
2014,417,KGZ,1450594.0,0.686
2014,418,LAO,60972438.0,0.597
2014,422,LBN,49222267.0,0.755
2014,426,LSO,729.038,0.5
2014,428,LVA,9480543.737,0.85
2014,440,LTU,154957403.0,0.864
2014,442,LUX,2466284.0,0.927
2014,450,MDG,4412684.379,0.497
2014,454,MWI,179089.443,0.493
2014,458,MYS,653962538.0,0.787
2014,470,MLT,1831922.0,0.881
2014,480,MUS,1504839.0,0.788
2014,484,MEX,957024117.0,0.765
2014,490,S19,1732335030.0,
2014,496,MNG,1215.0,0.735
2014,498,MDA,220974.0,0.749
2014,499,MNE,50084.0,0.822
2014,500,MSR,185.0,
2014,504,MAR,1543439972.0,0.645
2014,508,MOZ,2676920.0,0.438
2014,512,OMN,37528072.05,0.818
2014,516,NAM,7804373.0,0.619
2014,524,NPL,476726.0,0.567
2014,528,NLD,4352365796.0,0.931
2014,533,ABW,33598.0,
2014,540,NCL,139720571.0,
2014,554,NZL,14360701.91,0.931
2014,558,NIC,1958502.0,0.638
2014,562,NER,1783.0,0.363
2014,566,NGA,4275488.0,0.513
2014,579,NOR,729151967.0,0.949
2014,585,PLW,1900.0,0.777
2014,586,PAK,28145392.0,0.519
2014,591,PAN,6091472.0,0.797
2014,600,PRY,1622176.0,0.731
2014,604,PER,271000074.9,0.754
2014,608,PHL,348481502.0,0.693
2014,616,POL,993610728.0,0.867
2014,620,PRT,67827601.0,0.847
2014,634,QAT,978391731.0,0.85
2014,642,ROU,244598516.0,0.811
2014,643,RUS,5130821000.0,0.818
2014,646,RWA,83479.261,0.507
2014,659,KNA,7376.0,0.827
2014,662,LCA,21097.0,0.727
2014,670,VCT,62.5,0.772
2014,682,SAU,2434736981.0,0.836
2014,686,SEN,108587857.0,0.501
2014,688,SRB,25625529.0,0.787
2014,690,SYC,1824.048,0.796
2014,694,SLE,13.0,0.447
2014,699,IND,1429430120.0,0.611
2014,702,SGP,443182680.9,0.932
2014,703,SVK,163409577.9,0.851
2014,704,VNM,745300370.0,0.693
2014,705,SVN,157563347.0,0.903
2014,710,ZAF,909772953.2,0.714
2014,716,ZWE,2292287.04,0.539
2014,724,ESP,1459829865.0,0.884
2014,729,SDN,32822.62,0.511
2014,740,SUR,104427.0,0.701
2014,748,SWZ,7665093.618,0.56
2014,752,SWE,483786928.6,0.935
2014,757,CHE,598776033.4,0.951
2014,764,THA,716242036.0,0.785
2014,768,TGO,287476.142,0.502
2014,776,TON,4234.0,0.721
2014,780,TTO,1847006264.0,0.806
2014,784,ARE,94028602.06,0.853
2014,788,TUN,510648484.0,0.721
2014,792,TUR,1337664501.0,0.812
2014,800,UGA,2876694.0,0.518
2014,804,UKR,1178241226.0,0.774
2014,807,MKD,10501280.0,0.769
2014,818,EGY,418715879.0,0.688
2014,826,GBR,1478843854.0,0.924
2014,834,TZA,4860820.0,0.506
2014,842,USA,12665077658.0,0.923
2014,854,BFA,415059.131,0.403
2014,858,URY,25907473.0,0.805
2014,882,WSM,737.0,0.707
2014,887,YEM,495235.0,0.485
2014,894,ZMB,294681209.3,0.557
2015,8,ALB,2146195.0,0.797
2015,12,DZA,506950425.0,0.736
2015,20,AND,125.241,0.856
2015,24,AGO,869622.04,0.591
2015,28,ATG,38897.0,0.818
2015,31,AZE,5599897.49,0.751
2015,32,ARG,278722743.8,0.85
2015,36,AUS,5480414794.0,0.933
2015,40,AUT,813685635.0,0.91
2015,44,BHS,301727.0,0.807
2015,48,BHR,49482378.94,0.859
2015,50,BGD,22429236.0,0.604
2015,51,ARM,257110.0,0.769
2015,52,BRB,40670.0,0.798
2015,56,BEL,2653884430.0,0.924
2015,60,BMU,3365.0,
2015,68,BOL,32262011.61,0.688
2015,70,BIH,267947798.0,0.757
2015,72,BWA,35563592.4,0.688
2015,76,BRA,3403492953.0,0.752
2015,84,BLZ,87859.0,0.714
2015,90,SLB,293.0,0.562
2015,96,BRN,526533.0,0.832
2015,100,BGR,283158764.0,0.809
2015,104,MMR,963550.06,0.557
2015,108,BDI,22328.0,0.42
2015,112,BLR,30238600.0,0.809
2015,116,KHM,303197.0,0.564
2015,120,CMR,48380648.0,0.562
2015,124,CAN,4063856263.0,0.927
2015,144,LKA,9967595.0,0.76
2015,152,CHL,1214750951.0,0.846
2015,156,CHN,13445973387.0,0.741
2015,170,COL,86353226.0,0.758
2015,174,COM,456.618,0.556
2015,178,COG,597183.219,0.61
2015,180,COD,2092139068.0,0.457
2015,188,CRI,15236683.0,0.792
2015,191,HRV,18072284.0,0.844
2015,196,CYP,1420952.19,0.874
2015,203,CZE,411604539.0,0.891
2015,204,BEN,42988.829,0.509
2015,208,DNK,133022984.0,0.936
2015,214,DOM,12426406.89,0.739
2015,218,ECU,3855947.0,0.764
2015,222,SLV,4902244.12,0.663
2015,231,ETH,104065.896,0.455
2015,233,EST,81316829.0,0.883
2015,242,FJI,396937.793,0.716
2015,246,FIN,674219161.0,0.93
2015,251,FRA,3429333972.0,0.893
2015,258,PYF,6088.0,
2015,266,GAB,909525.943,0.692
2015,268,GEO,19754485.38,0.798
2015,270,GMB,7038.973,0.467
2015,275,PSE,58084.0,0.71
2015,276,DEU,8214466026.0,0.941
2015,288,GHA,14874592.55,0.586
2015,296,KIR,116.655,0.625
2015,300,GRC,153806941.0,0.881
2015,308,GRD,35369.224,0.786
2015,320,GTM,25162188.0,0.629
2015,324,GIN,19688.0,0.449
2015,328,GUY,8390.488,0.686
2015,340,HND,2411450.0,0.61
2015,344,HKG,528831332.4,0.936
2015,348,HUN,387958294.0,0.839
2015,352,ISL,6233915.0,0.948
2015,360,IDN,557000568.0,0.698
2015,364,IRN,517239006.0,0.782
2015,372,IRL,762660383.4,0.924
2015,376,ISR,943134000.0,0.899
2015,380,ITA,1839098178.0,0.881
2015,384,CIV,14664382.94,0.501
2015,388,JAM,555429001.0,0.712
2015,392,JPN,3510496723.0,0.913
2015,398,KAZ,3105803215.0,0.799
2015,400,JOR,331943585.0,0.738
2015,404,KEN,89954139.5,0.575
2015,410,KOR,3544784352.0,0.908
2015,414,KWT,24530226.91,0.829
2015,417,KGZ,685826.0,0.689
2015,418,LAO,157668219.0,0.604
2015,422,LBN,49557334.18,0.756
2015,426,LSO,5515.975,0.508
2015,428,LVA,13361368.59,0.853
2015,440,LTU,128218278.0,0.865
2015,442,LUX,1932252.0,0.914
2015,450,MDG,1957106.771,0.499
2015,454,MWI,83699.449,0.498
2015,458,MYS,726030941.0,0.792
2015,470,MLT,1264143.0,0.887
2015,480,MUS,1376550.0,0.791
2015,484,MEX,925500511.0,0.769
2015,490,S19,1532809165.0,
2015,496,MNG,118070.0,0.739
2015,498,MDA,187553.0,0.749
2015,499,MNE,97751.0,0.827
2015,500,MSR,185.185,
2015,504,MAR,1676543740.0,0.656
2015,508,MOZ,3609502.35,0.445
2015,512,OMN,29377802.3,0.824
2015,516,NAM,14314454.0,0.627
2015,524,NPL,345327.0,0.568
2015,528,NLD,3994328653.0,0.932
2015,533,ABW,56854.0,
2015,540,NCL,73859616.0,
2015,554,NZL,11466496.01,0.933
2015,558,NIC,1267486.0,0.644
2015,562,NER,54815.0,0.367
2015,566,NGA,6140910.9,0.52
2015,579,NOR,677124482.2,0.952
2015,586,PAK,23196292.0,0.525
2015,591,PAN,3808009.0,0.802
2015,600,PRY,551388.0,0.738
2015,604,PER,320292837.9,0.758
2015,608,PHL,134887013.0,0.696
2015,616,POL,788276407.0,0.869
2015,620,PRT,67664803.91,0.85
2015,634,QAT,936757619.0,0.852
2015,642,ROU,233030940.0,0.813
2015,643,RUS,3843343998.0,0.823
2015,646,RWA,226521.052,0.509
2015,659,KNA,8269.444,0.829
2015,662,LCA,67536.0,0.736
2015,682,SAU,1916480937.0,0.842
2015,686,SEN,164446490.0,0.501
2015,688,SRB,34968410.0,0.794
2015,694,SLE,2064061.0,0.438
2015,699,IND,1251897622.0,0.619
2015,702,SGP,411709923.9,0.935
2015,703,SVK,120724451.9,0.852
2015,704,VNM,750333100.0,0.697
2015,705,SVN,173046352.0,0.903
2015,710,ZAF,921653451.8,0.721
2015,716,ZWE,2275649.3,0.544
2015,724,ESP,1312355731.0,0.889
2015,729,SDN,902173.0,0.514
2015,748,SWZ,6037708.094,0.577
2015,752,SWE,446056562.5,0.937
2015,757,CHE,502912674.3,0.952
2015,764,THA,554785243.3,0.789
2015,768,TGO,99510.317,0.51
2015,780,TTO,1649541190.0,0.812
2015,784,ARE,93248349.81,0.86
2015,788,TUN,372960592.0,0.724
2015,792,TUR,1269425512.0,0.821
2015,800,UGA,1871982.0,0.525
2015,804,UKR,967422063.0,0.764
2015,807,MKD,8406526.72,0.777
2015,818,EGY,285208814.9,0.695
2015,826,GBR,2627831545.0,0.923
2015,834,TZA,4407740.0,0.507
2015,842,USA,12367717904.0,0.924
2015,854,BFA,377727.844,0.413
2015,858,URY,19807293.0,0.807
2015,882,WSM,14172.0,0.71
2015,887,YEM,18430.0,0.455
2015,894,ZMB,78587698.93,0.563
2016,8,ALB,2258481.0,0.795
2016,12,DZA,347657312.0,0.738
2016,20,AND,152.592,0.859
2016,24,AGO,1390332.83,0.595
2016,28,ATG,40932.0,0.822
2016,31,AZE,4743484.4,0.752
2016,32,ARG,337811826.8,0.848
2016,36,AUS,4592536166.0,0.936
2016,40,AUT,764715584.7,0.913
2016,44,BHS,282847.0,0.809
2016,48,BHR,62737105.83,0.862
2016,51,ARM,423813.0,0.773
2016,52,BRB,367456.0,0.801
2016,56,BEL,2198955484.0,0.927
2016,60,BMU,6468.0,
2016,68,BOL,21087837.36,0.7
2016,70,BIH,278945420.0,0.767
2016,72,BWA,39779726.0,0.697
2016,76,BRA,3301023804.0,0.753
2016,84,BLZ,426.0,0.72
2016,96,BRN,455884.0,0.83
2016,100,BGR,235218447.5,0.81
2016,104,MMR,4850426.59,0.567
2016,108,BDI,140809.0,0.423
2016,112,BLR,38259200.0,0.809
2016,116,KHM,120850.0,0.573
2016,120,CMR,32672541.0,0.566
2016,124,CAN,3742367612.0,0.928
2016,144,LKA,8608390.0,0.765
2016,152,CHL,1489549605.0,0.851
2016,156,CHN,12134627239.0,0.749
2016,170,COL,91057653.0,0.763
2016,174,COM,10098.241,0.563
2016,178,COG,589769.623,0.606
2016,180,COD,1661586620.0,0.466
2016,188,CRI,15171957.0,0.796
2016,191,HRV,21265407.0,0.85
2016,192,CUB,2152926.21,0.763
2016,196,CYP,88762.552,0.881
2016,203,CZE,392730216.0,0.894
2016,204,BEN,10811.025,0.508
2016,208,DNK,219405293.3,0.943
2016,212,DMA,10876.656,0.728
2016,214,DOM,12298777.36,0.759
2016,218,ECU,2258761.0,0.761
2016,222,SLV,4705471.04,0.664
2016,231,ETH,57410.79,0.465
2016,233,EST,58774049.33,0.884
2016,242,FJI,392607.583,0.721
2016,246,FIN,644177778.0,0.931
2016,251,FRA,3540107584.0,0.896
2016,258,PYF,16365.67,
2016,266,GAB,2061052.13,0.696
2016,268,GEO,16640611.27,0.802
2016,275,PSE,64725.0,0.715
2016,276,DEU,7823883927.0,0.941
2016,288,GHA,203963756.0,0.586
2016,296,KIR,10760.0,0.619
2016,300,GRC,130789662.0,0.877
2016,304,GRL,7.41,
2016,308,GRD,1854.072,0.787
2016,320,GTM,24394746.0,0.633
2016,324,GIN,17116.39,0.466
2016,328,GUY,4338522.0,0.693
2016,340,HND,1846939.0,0.615
2016,344,HKG,533507577.3,0.939
2016,348,HUN,373059876.0,0.843
2016,352,ISL,4534638.0,0.951
2016,360,IDN,602145515.0,0.701
2016,364,IRN,415812569.2,0.785
2016,368,IRQ,60000.0,0.661
2016,372,IRL,645688582.5,0.929
2016,376,ISR,998127000.0,0.902
2016,380,ITA,1507173969.0,0.886
2016,384,CIV,10146571.54,0.506
2016,388,JAM,458344375.0,0.71
2016,392,JPN,3775596143.0,0.914
2016,398,KAZ,2413026785.0,0.797
2016,400,JOR,317861272.0,0.74
2016,404,KEN,76630622.5,0.586
2016,410,KOR,3533897351.0,0.912
2016,414,KWT,20528199.61,0.832
2016,417,KGZ,756247.0,0.692
2016,418,LAO,139264243.0,0.61
2016,422,LBN,20236092.0,0.76
2016,426,LSO,728.061,0.518
2016,428,LVA,10110727.87,0.858
2016,434,LBY,14400255.08,0.746
2016,440,LTU,111834599.0,0.87
2016,442,LUX,9028269.0,0.922
2016,450,MDG,741118.752,0.501
2016,454,MWI,172647.386,0.501
2016,458,MYS,735597583.0,0.798
2016,466,MLI,4018815.0,0.407
2016,470,MLT,644017.0,0.887
2016,478,MRT,110172.0,0.532
2016,480,MUS,1275622.228,0.794
2016,484,MEX,854816276.0,0.773
2016,490,S19,1685921600.0,
2016,496,MNG,6475.0,0.741
2016,498,MDA,919605.0,0.755
2016,499,MNE,262410.185,0.826
2016,500,MSR,402.503,
2016,504,MAR,1163264303.0,0.662
2016,508,MOZ,121646.41,0.448
2016,512,OMN,33877328.55,0.832
2016,516,NAM,5599714.0,0.631
2016,524,NPL,671429.012,0.574
2016,528,NLD,3522001208.0,0.933
2016,533,ABW,18053.02,
2016,554,NZL,14427519.0,0.935
2016,558,NIC,1502420.8,0.65
2016,562,NER,58693.828,0.372
2016,566,NGA,1682343.0,0.526
2016,579,NOR,625049572.0,0.956
2016,586,PAK,20910147.0,0.533
2016,591,PAN,3619428.0,0.809
2016,600,PRY,660988.0,0.736
2016,604,PER,256009601.0,0.764
2016,608,PHL,155972911.0,0.696
2016,616,POL,755383022.0,0.872
2016,620,PRT,120414833.9,0.851
2016,634,QAT,688511917.1,0.853
2016,642,ROU,218928563.0,0.815
2016,643,RUS,2422795448.0,0.826
2016,646,RWA,258078.897,0.518
2016,659,KNA,15356.799,0.836
2016,662,LCA,28276.0,0.744
2016,670,VCT,6982.863,0.783
2016,682,SAU,1521512788.0,0.846
2016,686,SEN,199980557.0,0.51
2016,688,SRB,43671809.0,0.8
2016,694,SLE,9369.0,0.446
2016,699,IND,1243860343.0,0.63
2016,702,SGP,414321009.9,0.937
2016,703,SVK,105482568.2,0.855
2016,704,VNM,769703662.3,0.702
2016,705,SVN,159248398.0,0.909
2016,710,ZAF,742762130.8,0.711
2016,716,ZWE,1573487.51,0.547
2016,724,ESP,1267221864.0,0.894
2016,729,SDN,6705.0,0.517
2016,740,SUR,185411.411,0.709
2016,748,SWZ,5297234.823,0.59
2016,752,SWE,402200441.9,0.939
2016,757,CHE,485981104.5,0.954
2016,762,TJK,1431172.0,0.655
2016,764,THA,540047793.7,0.793
2016,768,TGO,846921.24,0.515
2016,780,TTO,1664189948.0,0.81
2016,784,ARE,87781361.79,0.866
2016,788,TUN,402022034.0,0.728
2016,792,TUR,1092732971.0,0.826
2016,800,UGA,1621536.0,0.531
2016,804,UKR,631092172.3,0.767
2016,807,MKD,8423245.5,0.782
2016,818,EGY,226270033.7,0.702
2016,826,GBR,1134431603.0,0.926
2016,834,TZA,8117253.0,0.509
2016,842,USA,11314400675.0,0.926
2016,854,BFA,317116.0,0.422
2016,858,URY,22187891.0,0.811
2016,882,WSM,12345.0,0.714
2016,894,ZMB,60081326.2,0.564
2017,8,ALB,2207582.074,0.796
2017,12,DZA,382935868.9,0.738
2017,20,AND,3378.972,0.86
2017,24,AGO,1939707.29,0.597
2017,28,ATG,60498.732,0.824
2017,31,AZE,3869257.85,0.754
2017,32,ARG,380981065.3,0.853
2017,36,AUS,6156683985.0,0.937
2017,40,AUT,963093182.7,0.914
2017,44,BHS,476061.24,0.812
2017,48,BHR,63282252.57,0.867
2017,51,ARM,406263.07,0.775
2017,52,BRB,43291.0,0.803
2017,56,BEL,2799000439.0,0.931
2017,60,BMU,8236.75,
2017,68,BOL,25220142.94,0.707
2017,70,BIH,347906763.5,0.77
2017,72,BWA,42573710.21,0.705
2017,76,BRA,3852040935.0,0.758
2017,84,BLZ,3766.535,0.716
2017,90,SLB,186.689,0.566
2017,96,BRN,657257.795,0.829
2017,100,BGR,309356298.7,0.81
2017,104,MMR,18539921.91,0.58
2017,108,BDI,151088.645,0.422
2017,112,BLR,49274300.0,0.811
2017,116,KHM,17595.67,0.581
2017,120,CMR,39476406.88,0.574
2017,124,CAN,3416812379.0,0.929
2017,140,CAF,4596.627,0.379
2017,144,LKA,9876480.682,0.77
2017,152,CHL,1790850533.0,0.854
2017,156,CHN,15004411892.0,0.757
2017,170,COL,96869624.67,0.765
2017,174,COM,15117.749,0.571
2017,178,COG,527702.339,0.6
2017,180,COD,4912429525.0,0.469
2017,188,CRI,13765357.45,0.8
2017,191,HRV,25276272.0,0.855
2017,192,CUB,2358013.89,0.764
2017,196,CYP,36094.438,0.891
2017,203,CZE,580175168.0,0.896
2017,204,BEN,44624.999,0.505
2017,208,DNK,283216556.0,0.944
2017,212,DMA,10908.948,0.709
2017,214,DOM,9199282.155,0.761
2017,218,ECU,2859546.8,0.762
2017,222,SLV,4659521.38,0.667
2017,231,ETH,182018.647,0.472
2017,233,EST,100123425.8,0.886
2017,242,FJI,365135.581,0.728
2017,246,FIN,840515053.6,0.934
2017,251,FRA,3572765384.0,0.899
2017,258,PYF,38201.9,
2017,266,GAB,731749.989,0.699
2017,268,GEO,21066754.67,0.807
2017,275,PSE,29165.903,0.718
2017,276,DEU,8566488574.0,0.944
2017,288,GHA,7958501.515,0.585
2017,296,KIR,2300.32,0.626
2017,300,GRC,171308151.1,0.88
2017,304,GRL,928.45,
2017,308,GRD,671.851,0.786
2017,320,GTM,27640622.0,0.636
2017,328,GUY,3935396.324,0.699
2017,340,HND,2582402.59,0.614
2017,344,HKG,464043729.6,0.946
2017,348,HUN,459215134.0,0.846
2017,352,ISL,18049229.11,0.955
2017,360,IDN,819133266.5,0.708
2017,364,IRN,491991216.0,0.788
2017,372,IRL,799042143.2,0.934
2017,376,ISR,850402000.0,0.906
2017,380,ITA,1641669621.0,0.889
2017,384,CIV,9127494.847,0.515
2017,388,JAM,518144499.1,0.711
2017,392,JPN,4642742034.0,0.916
2017,398,KAZ,2166916711.0,0.802
2017,400,JOR,384631244.2,0.744
2017,404,KEN,90360878.44,0.591
2017,410,KOR,4367164033.0,0.915
2017,414,KWT,21304544.98,0.835
2017,417,KGZ,621800.0,0.695
2017,418,LAO,70905937.0,0.612
2017,422,LBN,17755438.59,0.765
2017,426,LSO,617.316,0.522
2017,428,LVA,14412770.4,0.863
2017,430,LBR,225533.0,0.481
2017,434,LBY,14400255.08,0.761
2017,440,LTU,107393053.0,0.878
2017,442,LUX,10454102.27,0.918
2017,450,MDG,1374274.791,0.502
2017,454,MWI,470856.753,0.506
2017,458,MYS,880189952.8,0.8
2017,466,MLI,2038858.712,0.413
2017,470,MLT,1436088.775,0.896
2017,478,MRT,7423870.717,0.536
2017,480,MUS,1207700.268,0.797
2017,484,MEX,952032783.0,0.776
2017,490,S19,1982227350.0,
2017,498,MDA,1132730.0,0.764
2017,499,MNE,771370.321,0.833
2017,500,MSR,1659.258,
2017,504,MAR,1137466963.0,0.671
2017,508,MOZ,183353.94,0.45
2017,512,OMN,15729363.99,0.833
2017,516,NAM,8098925.319,0.634
2017,524,NPL,451628.49,0.581
2017,528,NLD,3887970382.0,0.936
2017,531,CUW,416873.977,
2017,533,ABW,26678.77,
2017,554,NZL,16079808.81,0.935
2017,558,NIC,1545936.78,0.656
2017,562,NER,40687.376,0.377
2017,566,NGA,1646191.058,0.528
2017,579,NOR,652403366.0,0.959
2017,586,PAK,23931080.53,0.534
2017,591,PAN,1885848.0,0.814
2017,600,PRY,2377651.0,0.739
2017,604,PER,297695864.7,0.765
2017,608,PHL,244641052.0,0.7
2017,616,POL,903394580.0,0.874
2017,620,PRT,67764307.89,0.857
2017,626,TLS,1150.0,0.614
2017,634,QAT,671881704.0,0.862
2017,642,ROU,262247065.0,0.823
2017,643,RUS,2670515885.0,0.827
2017,646,RWA,397499.689,0.52
2017,659,KNA,18872.111,0.836
2017,662,LCA,49729.498,0.742
2017,670,VCT,150.537,0.789
2017,682,SAU,997157314.7,0.849
2017,686,SEN,169496340.7,0.511
2017,688,SRB,55950895.0,0.802
2017,690,SYC,36391.62,0.798
2017,699,IND,1617590939.0,0.636
2017,702,SGP,431216727.5,0.938
2017,703,SVK,129397380.7,0.857
2017,704,VNM,1086204063.0,0.706
2017,705,SVN,177335971.5,0.912
2017,710,ZAF,959204192.1,0.725
2017,716,ZWE,1536936.1,0.552
2017,724,ESP,1365378606.0,0.896
2017,729,SDN,770.0,0.52
2017,740,SUR,82438.231,0.71
2017,748,SWZ,5856513.276,0.601
2017,752,SWE,479438731.1,0.941
2017,757,CHE,519116768.5,0.955
2017,762,TJK,1990081.0,0.659
2017,764,THA,676729774.0,0.795
2017,768,TGO,409947.695,0.522
2017,780,TTO,1018140505.0,0.811
2017,784,ARE,263756575.3,0.898
2017,788,TUN,346498872.9,0.732
2017,792,TUR,1328444172.0,0.833
2017,800,UGA,1982070.61,0.534
2017,804,UKR,780581257.8,0.771
2017,807,MKD,9534960.58,0.789
2017,818,EGY,377483946.9,0.709
2017,826,GBR,2047364277.0,0.929
2017,834,TZA,11893545.94,0.517
2017,842,USA,12391086639.0,0.928
2017,854,BFA,390177.65,0.432
2017,858,URY,23757241.0,0.815
2017,860,UZB,42181479.99,0.714
2017,882,WSM,21431.037,0.714
2017,894,ZMB,96969842.13,0.568
2018,4,AFG,19830.71,0.486
2018,8,ALB,3737253.657,0.797
2018,20,AND,14.199,0.863
2018,24,AGO,1577949.552,0.598
2018,28,ATG,19988.891,0.828
2018,31,AZE,4787089.43,0.757
2018,32,ARG,408579892.3,0.852
2018,36,AUS,8196314216.0,0.941
2018,40,AUT,1193386764.0,0.917
2018,44,BHS,1980634.45,0.814
2018,48,BHR,67120124.34,0.88
2018,51,ARM,652843.7,0.781
2018,52,BRB,41082.0,0.804
2018,56,BEL,3381616541.0,0.933
2018,60,BMU,10108.0,
2018,68,BOL,26311192.28,0.712
2018,70,BIH,383484651.1,0.774
2018,72,BWA,47419161.87,0.7
2018,76,BRA,4186910927.0,0.762
2018,84,BLZ,2089.005,0.715
2018,90,SLB,383.844,0.568
2018,96,BRN,446522.057,0.826
2018,100,BGR,340533903.2,0.811
2018,104,MMR,5832072.48,0.595
2018,108,BDI,1847223.778,0.421
2018,112,BLR,61741300.0,0.812
2018,116,KHM,76637.46,0.588
2018,120,CMR,1825803.478,0.581
2018,124,CAN,3590470027.0,0.93
2018,140,CAF,5923.0,0.386
2018,152,CHL,2251301344.0,0.856
2018,156,CHN,20089087368.0,0.766
2018,170,COL,116125205.5,0.766
2018,178,COG,488079.348,0.603
2018,180,COD,10453089620.0,0.474
2018,188,CRI,13392817.89,0.804
2018,191,HRV,41455807.0,0.86
2018,192,CUB,887609.7,0.765
2018,196,CYP,119581.04,0.896
2018,203,CZE,667686449.0,0.893
2018,204,BEN,130611.295,0.506
2018,208,DNK,215119947.7,0.942
2018,212,DMA,9841.46,0.744
2018,214,DOM,9563517.5,0.763
2018,218,ECU,3386988.04,0.761
2018,222,SLV,4173761.78,0.673
2018,231,ETH,158308.543,0.479
2018,233,EST,75441663.29,0.89
2018,242,FJI,302245.88,0.731
2018,246,FIN,1060997983.0,0.936
2018,251,FRA,3662196403.0,0.903
2018,258,PYF,60754.794,
2018,266,GAB,480136.589,0.699
2018,268,GEO,29890785.74,0.816
2018,275,PSE,47992.489,0.722
2018,276,DEU,9593801759.0,0.946
2018,288,GHA,3727329.625,0.589
2018,300,GRC,238856027.6,0.886
2018,304,GRL,171.05,
2018,308,GRD,17758.13,0.79
2018,320,GTM,28487387.0,0.64
2018,328,GUY,33655.082,0.704
2018,340,HND,3698912.3,0.614
2018,344,HKG,560220385.8,0.949
2018,348,HUN,573687937.0,0.85
2018,352,ISL,10254803.52,0.958
2018,360,IDN,1142404726.0,0.712
2018,364,IRN,422427017.0,0.787
2018,372,IRL,997723284.1,0.938
2018,376,ISR,902270000.0,0.908
2018,380,ITA,1862521084.0,0.894
2018,384,CIV,14439450.56,0.522
2018,388,JAM,1137117125.0,0.711
2018,392,JPN,5844209933.0,0.917
2018,398,KAZ,2138055355.0,0.804
2018,400,JOR,400906461.7,0.742
2018,404,KEN,87884479.67,0.598
2018,410,KOR,5500930363.0,0.918
2018,414,KWT,46112497.0,0.836
2018,417,KGZ,224463.0,0.698
2018,418,LAO,95359183.0,0.613
2018,422,LBN,36253951.91,0.764
2018,426,LSO,7502.4,0.525
2018,428,LVA,16052302.1,0.868
2018,430,LBR,9455.0,0.484
2018,434,LBY,35554855.08,0.764
2018,440,LTU,141451814.0,0.882
2018,442,LUX,11814516.67,0.921
2018,446,MAC,739916.657,
2018,450,MDG,274960.175,0.502
2018,454,MWI,516771.455,0.509
2018,458,MYS,1001245083.0,0.802
2018,466,MLI,2689396.83,0.417
2018,470,MLT,513952.576,0.903
2018,478,MRT,9986596.76,0.546
2018,480,MUS,1814381.587,0.8
2018,484,MEX,1065273104.0,0.779
2018,490,S19,2159420479.0,
2018,496,MNG,7571.04,0.754
2018,498,MDA,1081959.0,0.767
2018,499,MNE,1458551.035,0.838
2018,504,MAR,1503368460.0,0.677
2018,508,MOZ,441779.51,0.458
2018,512,OMN,13788323.86,0.838
2018,516,NAM,22874485.71,0.635
2018,524,NPL,53341.84,0.588
2018,528,NLD,4557949301.0,0.939
2018,531,CUW,622344.618,
2018,533,ABW,13389.385,
2018,554,NZL,14882742.01,0.936
2018,558,NIC,1604596.54,0.658
2018,562,NER,92015.551,0.383
2018,566,NGA,2702111.978,0.53
2018,579,NOR,680974031.5,0.96
2018,585,PLW,2400.0,0.788
2018,586,PAK,28643670.94,0.535
2018,591,PAN,3868844.0,0.817
2018,600,PRY,4922719.0,0.742
2018,604,PER,374479030.3,0.77
2018,608,PHL,107146361.0,0.706
2018,616,POL,1093439960.0,0.876
2018,620,PRT,112011099.2,0.858
2018,634,QAT,1065774467.0,0.866
2018,642,ROU,345730770.9,0.829
2018,643,RUS,3656778313.0,0.836
2018,646,RWA,577592.159,0.522
2018,662,LCA,32144.87,0.744
2018,670,VCT,1501.332,0.793
2018,678,STP,811.217,0.607
2018,682,SAU,2391139518.0,0.856
2018,686,SEN,287796266.6,0.515
2018,688,SRB,77958073.0,0.808
2018,690,SYC,65.821,0.804
2018,694,SLE,101162.73,0.454
2018,699,IND,2030663191.0,0.636
2018,702,SGP,557443986.6,0.942
2018,703,SVK,199237117.3,0.86
2018,704,VNM,1242138148.0,0.711
2018,705,SVN,211663257.4,0.916
2018,710,ZAF,1357929697.0,0.731
2018,716,ZWE,458493.13,0.564
2018,724,ESP,1566566035.0,0.899
2018,729,SDN,72726.0,0.52
2018,740,SUR,435939.94,0.714
2018,748,SWZ,5267668.948,0.613
2018,752,SWE,475449817.9,0.943
2018,757,CHE,532393305.9,0.957
2018,762,TJK,6735869.0,0.664
2018,764,THA,828867469.9,0.796
2018,768,TGO,581630.056,0.528
2018,780,TTO,1065020435.0,0.809
2018,784,ARE,211720484.4,0.917
2018,788,TUN,357801918.9,0.737
2018,792,TUR,1872225341.0,0.838
2018,800,UGA,4054133.25,0.539
2018,804,UKR,883220359.9,0.771
2018,807,MKD,8749835.78,0.796
2018,818,EGY,531754819.6,0.717
2018,826,GBR,1390730889.0,0.928
2018,834,TZA,10619640.91,0.525
2018,842,USA,12462653021.0,0.93
2018,854,BFA,251754.186,0.443
2018,858,URY,24420695.0,0.815
2018,860,UZB,39874096.0,0.719
2018,882,WSM,413.427,0.713
2018,894,ZMB,201393018.5,0.571
2019,8,ALB,2445566.345,0.8
2019,20,AND,5147.61,0.865
2019,24,AGO,706105.49,0.597
2019,28,ATG,41496.859,0.831
2019,31,AZE,5801081.07,0.762
2019,32,ARG,307100379.1,0.853
2019,36,AUS,6261748094.0,0.941
2019,40,AUT,975486156.1,0.92
2019,44,BHS,660491.669,0.802
2019,48,BHR,55712036.01,0.888
2019,51,ARM,1134802.99,0.789
2019,52,BRB,27604.0,0.806
2019,56,BEL,2939950957.0,0.936
2019,60,BMU,14115.07,
2019,68,BOL,13590680.12,0.715
2019,70,BIH,356358919.6,0.78
2019,72,BWA,34151184.64,0.703
2019,76,BRA,3891101541.0,0.764
2019,84,BLZ,2848.325,0.718
2019,96,BRN,2064699.83,0.827
2019,100,BGR,333845907.6,0.813
2019,104,MMR,10498164.51,0.608
2019,108,BDI,20987.186,0.423
2019,112,BLR,56302200.0,0.81
2019,116,KHM,352.44,0.596
2019,120,CMR,2215165.41,0.586
2019,124,CAN,3546052555.0,0.932
2019,132,CPV,39677.196,0.667
2019,144,LKA,7058351.552,0.775
2019,152,CHL,2025704774.0,0.859
2019,156,CHN,16839453040.0,0.775
2019,170,COL,98994142.5,0.768
2019,178,COG,821926.68,0.596
2019,180,COD,3936385243.0,0.476
2019,188,CRI,15621952.37,0.811
2019,191,HRV,55762541.0,0.866
2019,192,CUB,772303.49,0.766
2019,196,CYP,426459.959,0.901
2019,203,CZE,644094199.0,0.896
2019,204,BEN,156054.569,0.506
2019,208,DNK,172610346.7,0.946
2019,212,DMA,4964.331,0.745
2019,214,DOM,8951620.462,0.765
2019,218,ECU,1589590.61,0.758
2019,222,SLV,4550777.06,0.676
2019,231,ETH,339299.13,0.485
2019,233,EST,87937890.3,0.893
2019,242,FJI,383544.082,0.73
2019,246,FIN,818529939.5,0.939
2019,251,FRA,3634208950.0,0.905
2019,258,PYF,45505.994,
2019,266,GAB,221310.275,0.702
2019,268,GEO,27908855.4,0.816
2019,275,PSE,1078711.42,0.739
2019,276,DEU,10089396022.0,0.951
2019,288,GHA,123131711.7,0.599
2019,300,GRC,206274359.4,0.89
2019,308,GRD,10294.075,0.79
2019,320,GTM,35314977.0,0.645
2019,328,GUY,2204292.852,0.711
2019,340,HND,3013817.27,0.629
2019,344,HKG,570846481.4,0.953
2019,348,HUN,556576750.0,0.854
2019,352,ISL,36125108.28,0.958
2019,360,IDN,1078574680.0,0.718
2019,364,IRN,265074944.7,0.785
2019,372,IRL,931610694.7,0.942
2019,376,ISR,953487000.0,0.909
2019,380,ITA,1713363801.0,0.899
2019,384,CIV,9165108.144,0.529
2019,388,JAM,715051359.7,0.712
2019,392,JPN,6249363647.0,0.918
2019,398,KAZ,2177688338.0,0.81
2019,400,JOR,528102768.6,0.744
2019,404,KEN,81691088.54,0.604
2019,410,KOR,5149596570.0,0.922
2019,414,KWT,26887775.0,0.838
2019,417,KGZ,1031036.0,0.699
2019,418,LAO,98272825.5,0.617
2019,422,LBN,47353054.93,0.76
2019,426,LSO,7366.876,0.528
2019,428,LVA,16755362.68,0.873
2019,430,LBR,1220.0,0.485
2019,434,LBY,4039121.0,0.756
2019,440,LTU,133168759.0,0.886
2019,442,LUX,9117898.061,0.925
2019,446,MAC,219279.386,
2019,450,MDG,1744948.455,0.498
2019,454,MWI,280400.302,0.514
2019,458,MYS,956922876.7,0.805
2019,466,MLI,2873648.29,0.421
2019,470,MLT,700002.648,0.905
2019,478,MRT,25041605.4,0.552
2019,480,MUS,1586420.728,0.806
2019,484,MEX,1004169427.0,0.781
2019,490,S19,1692369511.0,
2019,496,MNG,1091.9,0.749
2019,498,MDA,1353149.0,0.773
2019,499,MNE,1231572.222,0.841
2019,504,MAR,1433056684.0,0.684
2019,508,MOZ,6125.06,0.465
2019,512,OMN,13154074.24,0.841
2019,516,NAM,7610136.938,0.638
2019,524,NPL,28515.78,0.598
2019,528,NLD,4725741078.0,0.941
2019,531,CUW,531560.503,
2019,533,ABW,7341.899,
2019,554,NZL,17464235.46,0.937
2019,558,NIC,1606341.98,0.661
2019,562,NER,99765.442,0.39
2019,566,NGA,1773537.92,0.537
2019,579,NOR,581018027.6,0.961
2019,586,PAK,22812447.73,0.537
2019,591,PAN,1369921.0,0.82
2019,598,PNG,5227204.143,0.562
2019,600,PRY,1546567.0,0.746
2019,604,PER,374291420.6,0.774
2019,608,PHL,119898742.0,0.714
2019,616,POL,1071815338.0,0.88
2019,620,PRT,112742290.8,0.864
2019,634,QAT,642611924.5,0.869
2019,642,ROU,240032059.4,0.834
2019,643,RUS,3526121404.0,0.839
2019,646,RWA,589524.77,0.531
2019,662,LCA,37272.44,0.733
2019,670,VCT,2599.83,0.789
2019,682,SAU,2436774285.0,0.862
2019,686,SEN,340727630.3,0.514
2019,688,SRB,69830259.0,0.812
2019,699,IND,1820209626.0,0.638
2019,702,SGP,578267980.5,0.945
2019,703,SVK,160055872.4,0.863
2019,704,VNM,1094575841.0,0.717
2019,705,SVN,195649155.4,0.918
2019,710,ZAF,1117108277.0,0.741
2019,716,ZWE,597128.9,0.56
2019,724,ESP,1586705618.0,0.904
2019,740,SUR,566581.569,0.71
2019,748,SWZ,5285031.95,0.623
2019,752,SWE,436127712.4,0.947
2019,757,CHE,497608609.4,0.96
2019,762,TJK,6182186.0,0.668
2019,764,THA,767005083.3,0.801
2019,768,TGO,1564646.433,0.536
2019,780,TTO,898232099.4,0.813
2019,784,ARE,225809771.5,0.933
2019,788,TUN,382537428.9,0.74
2019,792,TUR,1876775748.0,0.842
2019,800,UGA,3139326.01,0.544
2019,804,UKR,796273153.5,0.774
2019,807,MKD,20299510.38,0.787
2019,818,EGY,396341467.0,0.724
2019,826,GBR,2225874515.0,0.933
2019,834,TZA,5282173.63,0.533
2019,842,USA,11474937308.0,0.933
2019,854,BFA,1349363.752,0.446
2019,858,URY,21537116.0,0.818
2019,860,UZB,33204212.85,0.725
2019,882,WSM,75.75,0.712
2019,887,YEM,3860.128,0.43
2019,894,ZMB,168008943.9,0.574
2020,8,ALB,3418542.817,0.784
2020,20,AND,1122.144,0.843
2020,24,AGO,911336.449,0.594
2020,28,ATG,22908.654,0.82
2020,31,AZE,5626647.94,0.722
2020,32,ARG,234540253.4,0.841
2020,36,AUS,3191407641.0,0.948
2020,40,AUT,828522103.8,0.916
2020,44,BHS,697963.0,0.798
2020,48,BHR,45707477.67,0.884
2020,51,ARM,1497642.51,0.769
2020,52,BRB,133641.0,0.803
2020,56,BEL,2835431978.0,0.93
2020,60,BMU,2298.07,
2020,68,BOL,11500762.12,0.691
2020,70,BIH,294933257.4,0.776
2020,72,BWA,40170878.04,0.701
2020,76,BRA,3383988061.0,0.758
2020,84,BLZ,5192.04,0.705
2020,96,BRN,225188.55,0.827
2020,100,BGR,272293661.5,0.802
2020,104,MMR,2457507.34,0.615
2020,108,BDI,47416.19,0.419
2020,112,BLR,63426100.0,0.8
2020,116,KHM,336113.74,0.596
2020,120,CMR,2738396.09,0.585
2020,124,CAN,3412758776.0,0.928
2020,144,LKA,11394395.11,0.777
2020,152,CHL,1926544588.0,0.849
2020,156,CHN,15204048627.0,0.781
2020,170,COL,85622857.95,0.756
2020,178,COG,421947.87,0.598
2020,180,COD,3162853894.0,0.477
2020,188,CRI,12683919.46,0.811
2020,191,HRV,47197881.0,0.86
2020,192,CUB,233554.77,0.759
2020,196,CYP,108146.544,0.9
2020,203,CZE,526773143.0,0.891
2020,204,BEN,212125.049,0.501
2020,208,DNK,167901327.5,0.946
2020,212,DMA,9927.397,0.738
2020,214,DOM,7646148.2,0.76
2020,218,ECU,3142309.65,0.734
2020,222,SLV,4516741.5,0.666
2020,231,ETH,319932.47,0.489
2020,233,EST,98003162.18,0.891
2020,242,FJI,516751.843,0.722
2020,246,FIN,803149626.7,0.939
2020,251,FRA,3116225128.0,0.9
2020,258,PYF,32018.196,
2020,266,GAB,275661.409,0.704
2020,268,GEO,32787708.23,0.807
2020,270,GMB,6292.687,0.492
2020,275,PSE,2090743.77,0.715
2020,276,DEU,10733299121.0,0.948
2020,296,KIR,20.646,0.629
2020,300,GRC,177081222.6,0.887
2020,308,GRD,3168.148,0.786
2020,320,GTM,46750356.0,0.638
2020,328,GUY,88563.195,0.727
2020,340,HND,3372881.95,0.621
2020,344,HKG,762448624.4,0.955
2020,348,HUN,474025347.0,0.849
2020,352,ISL,26938277.29,0.955
2020,360,IDN,863140713.2,0.712
2020,364,IRN,261482742.0,0.779
2020,372,IRL,850672924.3,0.945
2020,376,ISR,1105991000.0,0.906
2020,380,ITA,1738625054.0,0.892
2020,384,CIV,12033299.82,0.53
2020,388,JAM,439543146.8,0.707
2020,392,JPN,6819772876.0,0.917
2020,398,KAZ,2369116115.0,0.806
2020,400,JOR,701852269.9,0.74
2020,404,KEN,72511425.38,0.599
2020,410,KOR,5277721248.0,0.922
2020,414,KWT,39339013.0,0.826
2020,417,KGZ,72849.0,0.691
2020,418,LAO,39028637.16,0.616
2020,422,LBN,53981000.0,0.742
2020,426,LSO,140.105,0.53
2020,428,LVA,17965634.01,0.873
2020,430,LBR,12575.18,0.483
2020,440,LTU,120131857.0,0.88
2020,442,LUX,9738220.584,0.921
2020,450,MDG,2718576.356,0.486
2020,454,MWI,156185.214,0.512
2020,458,MYS,976677503.4,0.802
2020,470,MLT,213606.643,0.901
2020,478,MRT,28081542.59,0.539
2020,480,MUS,1631504.346,0.792
2020,484,MEX,950391801.0,0.757
2020,490,S19,1441425522.0,
2020,496,MNG,768.28,0.74
2020,498,MDA,1622925.0,0.765
2020,499,MNE,1586114.333,0.832
2020,504,MAR,1216506982.0,0.683
2020,508,MOZ,124015.78,0.467
2020,512,OMN,13117665.92,0.823
2020,516,NAM,71411189.77,0.634
2020,524,NPL,11906.97,0.593
2020,528,NLD,4197470110.0,0.938
2020,531,CUW,372625.553,
2020,533,ABW,6512.849,
2020,554,NZL,13850584.37,0.935
2020,558,NIC,1579623.38,0.652
2020,562,NER,16143.011,0.391
2020,566,NGA,3468329.749,0.539
2020,579,NOR,571532699.2,0.963
2020,586,PAK,20577703.71,0.536
2020,591,PAN,2033172.0,0.809
2020,598,PNG,124798.183,0.567
2020,600,PRY,1712327.0,0.742
2020,604,PER,275153135.3,0.758
2020,608,PHL,87634149.0,0.705
2020,616,POL,986231188.0,0.874
2020,620,PRT,104710794.3,0.861
2020,626,TLS,7.18,0.633
2020,634,QAT,729664230.7,0.863
2020,642,ROU,121642627.2,0.828
2020,643,RUS,2591601713.0,0.826
2020,646,RWA,539172.49,0.535
2020,662,LCA,32099.36,0.724
2020,682,SAU,2311345532.0,0.861
2020,686,SEN,270142773.3,0.514
2020,688,SRB,77247725.0,0.806
2020,690,SYC,841.94,0.799
2020,699,IND,1612300323.0,0.638
2020,702,SGP,674162091.4,0.942
2020,703,SVK,125766484.3,0.86
2020,704,VNM,1056600314.0,0.726
2020,705,SVN,177951969.4,0.91
2020,710,ZAF,908223928.6,0.722
2020,716,ZWE,182429.19,0.554
2020,724,ESP,1419447832.0,0.894
2020,740,SUR,428590.989,0.702
2020,748,SWZ,4072552.84,0.622
2020,752,SWE,390962813.7,0.944
2020,757,CHE,609925724.9,0.957
2020,762,TJK,4483369.0,0.656
2020,764,THA,699628483.4,0.8
2020,768,TGO,3524864.277,0.54
2020,780,TTO,672171221.1,0.815
2020,784,ARE,218645425.9,0.93
2020,788,TUN,316201631.8,0.734
2020,792,TUR,1648229264.0,0.835
2020,800,UGA,2259505.0,0.545
2020,804,UKR,741808959.4,0.762
2020,807,MKD,12270180.81,0.766
2020,818,EGY,344961964.9,0.729
2020,826,GBR,2690535512.0,0.92
2020,834,TZA,3890794.71,0.535
2020,842,USA,11103820235.0,0.923
2020,854,BFA,277482.392,0.446
2020,858,URY,21983358.0,0.82
2020,860,UZB,32626777.88,0.716
2020,894,ZMB,101426624.7,0.569
2021,8,ALB,3695013.004,0.785
2021,20,AND,328.581,0.855
2021,24,AGO,581188.82,0.59
2021,28,ATG,29021.018,0.819
2021,31,AZE,5868318.49,0.738
2021,32,ARG,284517843.1,0.844
2021,36,AUS,6348872300.0,0.949
2021,40,AUT,1160990152.0,0.92
2021,44,BHS,487360.0,0.799
2021,48,BHR,79005454.12,0.884
2021,51,ARM,1926132.74,0.774
2021,52,BRB,515301.5,0.803
2021,56,BEL,3458142085.0,0.938
2021,60,BMU,33501.64,
2021,68,BOL,31674633.6,0.691
2021,70,BIH,396646193.0,0.776
2021,72,BWA,47581605.72,0.68
2021,76,BRA,4292215768.0,0.756
2021,84,BLZ,505010.455,0.698
2021,96,BRN,2792692.39,0.824
2021,100,BGR,371754519.7,0.796
2021,104,MMR,775699.98,0.599
2021,108,BDI,56600.776,0.419
2021,112,BLR,122927000.0,0.801
2021,116,KHM,7914223.25,0.596
2021,120,CMR,2073998.65,0.581
2021,124,CAN,4273905826.0,0.934
2021,132,CPV,10873.167,0.65
2021,144,LKA,11569822.22,0.783
2021,152,CHL,2412460232.0,0.856
2021,156,CHN,23140018958.0,0.785
2021,170,COL,112005515.5,0.752
2021,174,COM,9109.094,0.585
2021,178,COG,607809.79,0.598
2021,180,COD,5700712100.0,0.475
2021,188,CRI,17464067.82,0.804
2021,191,HRV,89513974.0,0.867
2021,192,CUB,433746.54,0.742
2021,196,CYP,836375.993,0.901
2021,203,CZE,742502511.0,0.891
2021,204,BEN,261378.005,0.502
2021,208,DNK,226355313.1,0.947
2021,212,DMA,9310.731,0.737
2021,214,DOM,15201208.07,0.756
2021,218,ECU,5676336.954,0.746
2021,222,SLV,5848607.65,0.669
2021,231,ETH,2813673.6,0.489
2021,233,EST,121421735.5,0.89
2021,242,FJI,394314.616,0.715
2021,246,FIN,1016922091.0,0.941
2021,251,FRA,3808991730.0,0.906
2021,258,PYF,60666.008,
2021,262,DJI,61793512.36,0.512
2021,266,GAB,793192.642,0.687
2021,268,GEO,35147964.53,0.809
2021,275,PSE,2466249.85,0.715
2021,276,DEU,14723930120.0,0.948
2021,288,GHA,25657731.72,0.6
2021,300,GRC,206234671.5,0.887
2021,308,GRD,9117.407,0.788
2021,320,GTM,57109750.0,0.63
2021,328,GUY,324363.792,0.721
2021,340,HND,1278941.01,0.62
2021,344,HKG,829901895.4,0.959
2021,348,HUN,581635388.0,0.846
2021,352,ISL,67814845.17,0.957
2021,360,IDN,1530211874.0,0.707
2021,364,IRN,512957802.0,0.776
2021,372,IRL,1136259003.0,0.946
2021,376,ISR,1093734000.0,0.911
2021,380,ITA,1953936868.0,0.899
2021,384,CIV,9483422.254,0.53
2021,388,JAM,399882152.8,0.704
2021,392,JPN,9400932335.0,0.92
2021,398,KAZ,2511508214.0,0.801
2021,400,JOR,1046057154.0,0.736
2021,404,KEN,82316936.4,0.596
2021,410,KOR,7775232178.0,0.926
2021,414,KWT,39818941.0,0.836
2021,417,KGZ,2862534.0,0.696
2021,418,LAO,36224861.6,0.615
2021,422,LBN,58516285.0,0.725
2021,426,LSO,142.66,0.522
2021,428,LVA,25328886.4,0.865
2021,430,LBR,1135.0,0.484
2021,440,LTU,159927902.0,0.875
2021,442,LUX,9555194.232,0.927
2021,450,MDG,5910534.609,0.484
2021,454,MWI,544611.564,0.509
2021,458,MYS,1875638656.0,0.798
2021,470,MLT,991312.608,0.912
2021,478,MRT,2157159.04,0.538
2021,480,MUS,2451828.082,0.79
2021,484,MEX,1266996918.0,0.757
2021,490,S19,2006149062.0,
2021,498,MDA,1484159.0,0.767
2021,499,MNE,1951375.331,0.84
2021,500,MSR,444.444,
2021,504,MAR,2236676053.0,0.688
2021,508,MOZ,579200.56,0.459
2021,512,OMN,18556299.06,0.81
2021,516,NAM,83125075.13,0.616
2021,524,NPL,1374.58,0.591
2021,528,NLD,5414841618.0,0.941
2021,533,ABW,4915.642,
2021,554,NZL,14762159.37,0.936
2021,558,NIC,2102536.72,0.665
2021,562,NER,36170.342,0.389
2021,566,NGA,12465874.17,0.542
2021,579,NOR,770554081.6,0.964
2021,586,PAK,36415902.61,0.537
2021,591,PAN,1214844.0,0.813
2021,598,PNG,3559452.998,0.564
2021,600,PRY,2353764.0,0.73
2021,604,PER,389991290.7,0.755
2021,608,PHL,136464145.0,0.692
2021,616,POL,1286533048.0,0.876
2021,620,PRT,149903042.7,0.865
2021,634,QAT,914257483.3,0.864
2021,642,ROU,187180037.7,0.825
2021,643,RUS,3967149149.0,0.818
2021,646,RWA,288277.06,0.539
2021,670,VCT,7.407,0.773
2021,678,STP,290.788,0.609
2021,682,SAU,2043885093.0,0.867
2021,686,SEN,486660799.7,0.512
2021,688,SRB,95011641.0,0.804
2021,690,SYC,7410.989,0.795
2021,699,IND,2409661783.0,0.633
2021,702,SGP,730960813.9,0.942
2021,703,SVK,156486175.3,0.852
2021,704,VNM,1539236598.0,0.718
2021,705,SVN,230681629.1,0.916
2021,710,ZAF,1348119764.0,0.721
2021,716,ZWE,418954.91,0.549
2021,724,ESP,1761921734.0,0.904
2021,740,SUR,1249174.68,0.689
2021,748,SWZ,5962999.82,0.612
2021,752,SWE,436926690.7,0.949
2021,757,CHE,758112807.0,0.965
2021,762,TJK,8572231.0,0.677
2021,764,THA,884132543.2,0.797
2021,768,TGO,4743025.349,0.545
2021,780,TTO,1713313580.0,0.804
2021,784,ARE,262191204.6,0.931
2021,788,TUN,506512064.1,0.729
2021,792,TUR,2195170798.0,0.841
2021,800,UGA,3815851.48,0.545
2021,804,UKR,947177887.4,0.755
2021,807,MKD,14190312.11,0.764
2021,818,EGY,639636254.3,0.726
2021,826,GBR,3886297234.0,0.931
2021,834,TZA,6559560.95,0.529
2021,842,USA,13523337327.0,0.921
2021,854,BFA,1163077.223,0.445
2021,858,URY,27123235.0,0.814
2021,860,UZB,48789942.82,0.721
2021,882,WSM,5503.416,0.708
2021,894,ZMB,78121760.07,0.565
2022,8,ALB,10260459.15,0.789
2022,20,AND,229.127,0.884
2022,24,AGO,2267654.526,0.591
2022,28,ATG,144804.085,0.826
2022,31,AZE,13766147.75,0.76
2022,32,ARG,930193929.5,0.849
2022,36,AUS,7215786077.0,0.946
2022,40,AUT,1270621700.0,0.926
2022,44,BHS,206435.0,0.82
2022,48,BHR,82025692.6,0.888
2022,51,ARM,6549581.59,0.786
2022,52,BRB,136803.5,0.809
2022,56,BEL,5327131709.0,0.942
2022,60,BMU,1036.75,
2022,68,BOL,68176462.54,0.698
2022,70,BIH,524278206.8,0.779
2022,72,BWA,56513680.04,0.708
2022,76,BRA,5209171634.0,0.76
2022,84,BLZ,454886.73,0.7
2022,96,BRN,1550860.455,0.823
2022,100,BGR,506368354.6,0.799
2022,104,MMR,1937385.01,0.608
2022,108,BDI,100266.204,0.42
2022,116,KHM,5382787.68,0.6
2022,124,CAN,5522952059.0,0.935
2022,132,CPV,27576.319,0.661
2022,144,LKA,4819772.772,0.78
2022,152,CHL,11357120556.0,0.86
2022,156,CHN,39407462291.0,0.788
2022,170,COL,182319644.5,0.758
2022,178,COG,635926.239,0.593
2022,180,COD,2153470120.0,0.481
2022,188,CRI,21356012.63,0.806
2022,191,HRV,98754208.0,0.878
2022,192,CUB,605353.85,0.764
2022,196,CYP,8849263.624,0.907
2022,203,CZE,865401929.0,0.895
2022,204,BEN,101359.802,0.504
2022,208,DNK,274272572.9,0.952
2022,212,DMA,55638.833,0.74
2022,214,DOM,20232469.65,0.766
2022,218,ECU,7510605.7,0.765
2022,222,SLV,7583494.49,0.674
2022,231,ETH,8891921.514,0.492
2022,233,EST,131837003.6,0.899
2022,242,FJI,268183.94,0.729
2022,246,FIN,1377699867.0,0.942
2022,251,FRA,5472593653.0,0.91
2022,258,PYF,81640.367,
2022,262,DJI,123862640.2,0.515
2022,266,GAB,3798093.044,0.693
2022,268,GEO,35722158.16,0.814
2022,275,PSE,2137237.29,0.716
2022,276,DEU,15647591664.0,0.95
2022,288,GHA,24359173.36,0.602
2022,300,GRC,253068669.9,0.893
2022,308,GRD,11797.778,0.793
2022,320,GTM,69841833.0,0.629
2022,328,GUY,249692.617,0.742
2022,344,HKG,541062646.4,0.956
2022,348,HUN,850410603.0,0.851
2022,352,ISL,111344356.4,0.959
2022,360,IDN,2758564015.0,0.713
2022,364,IRN,792439540.0,0.78
2022,372,IRL,2143409866.0,0.95
2022,376,ISR,1529009000.0,0.915
2022,380,ITA,2506620531.0,0.906
2022,384,CIV,5647898.859,0.534
2022,388,JAM,251219149.5,0.706
2022,392,JPN,10342128193.0,0.92
2022,398,KAZ,3574079660.0,0.802
2022,400,JOR,1276587408.0,0.736
2022,404,KEN,133333692.4,0.601
2022,410,KOR,15643201056.0,0.929
2022,414,KWT,50507419.96,0.847
2022,417,KGZ,4167146.0,0.701
2022,422,LBN,39066803.0,0.723
2022,426,LSO,796.085,0.521
2022,428,LVA,27150972.91,0.879
2022,430,LBR,698.75,0.487
2022,440,LTU,129621482.0,0.879
2022,442,LUX,4215847.409,0.927
2022,450,MDG,3959507.281,0.487
2022,454,MWI,946422.527,0.508
2022,458,MYS,2421296278.0,0.807
2022,462,MDV,198.695,0.762
2022,470,MLT,1228439.145,0.915
2022,478,MRT,776408.903,0.54
2022,480,MUS,2347764.495,0.796
2022,484,MEX,1627548941.0,0.781
2022,490,S19,2459582531.0,
2022,496,MNG,51925.743,0.741
2022,498,MDA,8349420.0,0.763
2022,499,MNE,1606730.188,0.844
2022,500,MSR,148.148,
2022,504,MAR,2377430061.0,0.698
2022,508,MOZ,269615.73,0.461
2022,512,OMN,104589133.8,0.819
2022,516,NAM,130645108.0,0.61
2022,524,NPL,7858.863,0.601
2022,528,NLD,7066468169.0,0.946
2022,533,ABW,3355.307,
2022,554,NZL,15535960.94,0.939
2022,558,NIC,2021540.59,0.669
2022,562,NER,336865.874,0.394
2022,566,NGA,24778298.48,0.548
2022,579,NOR,1237139673.0,0.966
2022,586,PAK,64841751.31,0.54
2022,591,PAN,1022476.0,0.82
2022,600,PRY,2578357.97,0.731
2022,604,PER,633444850.2,0.762
2022,608,PHL,220266862.0,0.71
2022,616,POL,2035835538.0,0.881
2022,620,PRT,225307814.4,0.874
2022,626,TLS,77827.4,0.566
2022,634,QAT,1441730801.0,0.875
2022,642,ROU,312191828.4,0.827
2022,646,RWA,2906397.49,0.548
2022,670,VCT,740.755,0.772
2022,678,STP,6.522,0.613
2022,682,SAU,3223336224.0,0.875
2022,686,SEN,764087770.8,0.517
2022,688,SRB,131445117.0,0.805
2022,690,SYC,3901.757,0.802
2022,699,IND,3179967297.0,0.644
2022,702,SGP,710124516.6,0.949
2022,703,SVK,290559418.9,0.855
2022,704,VNM,1956745053.0,0.726
2022,705,SVN,268823263.5,0.926
2022,710,ZAF,1951355941.0,0.717
2022,716,ZWE,572738.219,0.55
2022,724,ESP,2231178398.0,0.911
2022,740,SUR,1614329.9,0.69
2022,748,SWZ,4295371.29,0.61
2022,752,SWE,527439321.5,0.952
2022,757,CHE,803600410.4,0.967
2022,762,TJK,9030601.0,0.679
2022,764,THA,1151099654.0,0.803
2022,768,TGO,3247224.593,0.547
2022,780,TTO,3696151135.0,0.814
2022,784,ARE,343169240.0,0.937
2022,788,TUN,675721790.2,0.732
2022,792,TUR,3548060619.0,0.855
2022,800,UGA,7852026.63,0.55
2022,804,UKR,326999952.6,0.734
2022,807,MKD,23934895.54,0.765
2022,818,EGY,1339499283.0,0.728
2022,826,GBR,4528635465.0,0.94
2022,834,TZA,8672115.891,0.532
2022,842,USA,16837863760.0,0.927
2022,854,BFA,1232577.521,0.438
2022,858,URY,32696452.0,0.83
2022,860,UZB,101082724.9,0.727
2022,882,WSM,7266.685,0.702
2022,894,ZMB,246986074.6,0.569
2023,8,ALB,13820517.41,
2023,20,AND,1.081,
2023,24,AGO,2208995.959,
2023,28,ATG,47599.0,
2023,31,AZE,18599760.06,
2023,32,ARG,932678497.3,
2023,36,AUS,6255362831.0,
2023,40,AUT,1132291546.0,
2023,44,BHS,480770.0,
2023,48,BHR,42709141.31,
2023,51,ARM,11781752.19,
2023,52,BRB,100657.5,
2023,56,BEL,4039916113.0,
2023,68,BOL,44101774.48,
2023,70,BIH,463575025.2,
2023,72,BWA,56491049.8,
2023,76,BRA,4239875464.0,
2023,84,BLZ,1550.45,
2023,96,BRN,171679.182,
2023,100,BGR,465797446.1,
2023,104,MMR,3341738.98,
2023,116,KHM,1121644.6,
2023,124,CAN,5651543100.0,
2023,132,CPV,12607.416,
2023,140,CAF,33408.714,
2023,144,LKA,3160828.752,
2023,152,CHL,9553806729.0,
2023,156,CHN,34279801731.0,
2023,170,COL,149671776.9,
2023,188,CRI,21959049.01,
2023,191,HRV,46503408.0,
2023,196,CYP,3632660.331,
2023,203,CZE,807160957.0,
2023,204,BEN,110833.591,
2023,208,DNK,293859909.1,
2023,212,DMA,18115.537,
2023,214,DOM,18948007.82,
2023,218,ECU,3931516.9,
2023,222,SLV,7060611.0,
2023,231,ETH,3419961.653,
2023,233,EST,90268458.32,
2023,242,FJI,561461.691,
2023,246,FIN,936448631.7,
2023,251,FRA,4931323976.0,
2023,262,DJI,119654987.6,
2023,266,GAB,2808843.489,
2023,268,GEO,31757822.13,
2023,275,PSE,453787.426,
2023,276,DEU,13134023678.0,
2023,288,GHA,44508962.27,
2023,300,GRC,254955192.2,
2023,308,GRD,414.444,
2023,320,GTM,76003139.0,
2023,328,GUY,352721.712,
2023,340,HND,11037034.74,
2023,344,HKG,450453150.0,
2023,348,HUN,647544902.0,
2023,352,ISL,53544685.2,
2023,360,IDN,2063782500.0,
2023,372,IRL,3150662080.0,
2023,376,ISR,1279088713.0,
2023,380,ITA,2348817117.0,
2023,384,CIV,16643786.97,
2023,388,JAM,484691146.6,
2023,392,JPN,8844906307.0,
2023,398,KAZ,4347322214.0,
2023,400,JOR,1504692720.0,
2023,404,KEN,102203218.8,
2023,410,KOR,16353624972.0,
2023,414,KWT,47478341.82,
2023,417,KGZ,4033973.0,
2023,422,LBN,37759643.0,
2023,426,LSO,19.366,
2023,428,LVA,24961730.53,
2023,430,LBR,1100.0,
2023,440,LTU,56704875.0,
2023,442,LUX,11946537.56,
2023,450,MDG,3422306.511,
2023,454,MWI,11741154.18,
2023,458,MYS,1831870017.0,
2023,462,MDV,352.073,
2023,470,MLT,1713053.875,
2023,478,MRT,545361.158,
2023,480,MUS,2054636.487,
2023,484,MEX,1387753879.0,
2023,490,S19,1670105515.0,
2023,498,MDA,9297554.0,
2023,499,MNE,5163546.365,
2023,500,MSR,259.259,
2023,504,MAR,1360218702.0,
2023,508,MOZ,1783000.0,
2023,512,OMN,183570746.1,
2023,516,NAM,13778383.48,
2023,528,NLD,5968942904.0,
2023,533,ABW,9384.357,
2023,554,NZL,13940349.56,
2023,558,NIC,2546565.4,
2023,562,NER,13193.15,
2023,566,NGA,19080941.68,
2023,579,NOR,923805370.7,
2023,586,PAK,79620552.83,
2023,591,PAN,646506.0,
2023,600,PRY,1543841.83,
2023,604,PER,455941584.5,
2023,608,PHL,186048645.0,
2023,616,POL,1800902795.0,
2023,620,PRT,171239996.7,
2023,626,TLS,3074.14,
2023,634,QAT,1111767087.0,
2023,642,ROU,192140465.3,
2023,670,VCT,23792.421,
2023,682,SAU,2019570691.0,
2023,686,SEN,443385164.1,
2023,688,SRB,131507214.0,
2023,699,IND,3244821215.0,
2023,702,SGP,635346740.6,
2023,703,SVK,211567045.2,
2023,705,SVN,201919910.9,
2023,710,ZAF,1283336603.0,
2023,716,ZWE,1268348.76,
2023,724,ESP,1701589998.0,
2023,740,SUR,26149371.84,
2023,748,SWZ,4736682.3,
2023,752,SWE,515917770.8,
2023,757,CHE,697526886.4,
2023,764,THA,1033745474.0,
2023,768,TGO,1701589.583,
2023,780,TTO,1498233680.0,
2023,784,ARE,408948167.1,
2023,788,TUN,522159363.5,
2023,792,TUR,2901593632.0,
2023,800,UGA,9006213.21,
2023,804,UKR,118015643.6,
2023,807,MKD,19649162.6,
2023,818,EGY,932820430.6,
2023,826,GBR,3609074255.0,
2023,834,TZA,7689121.3,
2023,842,USA,15010743432.0,
2023,854,BFA,1170989.817,
2023,858,URY,30576242.0,
2023,860,UZB,74671906.61,
2023,882,WSM,1988.112,
2023,894,ZMB,168027842.0,
2024,76,BRA,4921150321.0,
2024,392,JPN,7751944489.0,
2024,579,NOR,667205585.6,
